timestamp,nb_url_sent,time_load,time_train,size_batch_training
2021-04-17 22:20:37.952724,1.0,,,
2021-04-17 22:20:38.056937,1.0,,,
2021-04-17 22:20:38.059007,1.0,,,
2021-04-17 22:20:38.062331,1.0,,,
2021-04-17 22:20:38.064280,1.0,,,
2021-04-17 22:20:38.064752,1.0,,,
2021-04-17 22:20:38.065341,1.0,,,
2021-04-17 22:20:38.065914,1.0,,,
2021-04-17 22:20:38.066505,1.0,,,
2021-04-17 22:20:38.066907,1.0,,,
2021-04-17 22:20:38.067283,1.0,,,
2021-04-17 22:20:38.067584,1.0,,,
2021-04-17 22:20:38.073341,1.0,,,
2021-04-17 22:20:38.074538,1.0,,,
2021-04-17 22:20:38.076082,1.0,,,
2021-04-17 22:20:38.076394,1.0,,,
2021-04-17 22:20:38.076689,1.0,,,
2021-04-17 22:20:38.077118,1.0,,,
2021-04-17 22:20:38.077581,1.0,,,
2021-04-17 22:20:38.078021,1.0,,,
2021-04-17 22:20:38.078612,1.0,,,
2021-04-17 22:20:38.079105,1.0,,,
2021-04-17 22:20:38.079610,1.0,,,
2021-04-17 22:20:38.085574,1.0,,,
2021-04-17 22:20:38.086612,1.0,,,
2021-04-17 22:20:38.087629,1.0,,,
2021-04-17 22:20:38.088136,1.0,,,
2021-04-17 22:20:38.088624,1.0,,,
2021-04-17 22:20:38.089209,1.0,,,
2021-04-17 22:20:38.089695,1.0,,,
2021-04-17 22:20:38.090180,1.0,,,
2021-04-17 22:20:38.090534,1.0,,,
2021-04-17 22:20:38.090844,1.0,,,
2021-04-17 22:20:38.091153,1.0,,,
2021-04-17 22:20:38.091454,1.0,,,
2021-04-17 22:20:38.091754,1.0,,,
2021-04-17 22:20:38.092188,1.0,,,
2021-04-17 22:20:38.092568,1.0,,,
2021-04-17 22:20:38.092867,1.0,,,
2021-04-17 22:20:38.093166,1.0,,,
2021-04-17 22:20:38.093459,1.0,,,
2021-04-17 22:20:38.093887,1.0,,,
2021-04-17 22:20:38.094186,1.0,,,
2021-04-17 22:20:38.094478,1.0,,,
2021-04-17 22:20:38.094767,1.0,,,
2021-04-17 22:20:38.095146,1.0,,,
2021-04-17 22:20:38.100573,1.0,,,
2021-04-17 22:20:38.102319,1.0,,,
2021-04-17 22:20:38.102924,1.0,,,
2021-04-17 22:20:38.103331,1.0,,,
2021-04-17 22:20:38.006431,1.0,,,
2021-04-17 22:20:38.109977,1.0,,,
2021-04-17 22:20:38.113668,1.0,,,
2021-04-17 22:20:38.114763,1.0,,,
2021-04-17 22:20:38.117030,1.0,,,
2021-04-17 22:20:38.119444,1.0,,,
2021-04-17 22:20:38.120490,1.0,,,
2021-04-17 22:20:38.120925,1.0,,,
2021-04-17 22:20:38.121384,1.0,,,
2021-04-17 22:20:38.121871,1.0,,,
2021-04-17 22:20:38.122329,1.0,,,
2021-04-17 22:20:38.122793,1.0,,,
2021-04-17 22:20:38.123242,1.0,,,
2021-04-17 22:20:38.123689,1.0,,,
2021-04-17 22:20:38.129452,1.0,,,
2021-04-17 22:20:38.132424,1.0,,,
2021-04-17 22:20:38.133744,1.0,,,
2021-04-17 22:20:38.134195,1.0,,,
2021-04-17 22:20:38.134642,1.0,,,
2021-04-17 22:20:38.135083,1.0,,,
2021-04-17 22:20:38.135522,1.0,,,
2021-04-17 22:20:38.136000,1.0,,,
2021-04-17 22:20:38.136461,1.0,,,
2021-04-17 22:20:38.137184,1.0,,,
2021-04-17 22:20:38.142783,1.0,,,
2021-04-17 22:20:38.143655,1.0,,,
2021-04-17 22:20:38.144818,1.0,,,
2021-04-17 22:20:38.145268,1.0,,,
2021-04-17 22:20:38.145715,1.0,,,
2021-04-17 22:20:38.146164,1.0,,,
2021-04-17 22:20:38.146601,1.0,,,
2021-04-17 22:20:38.147030,1.0,,,
2021-04-17 22:20:38.147706,1.0,,,
2021-04-17 22:20:38.153659,1.0,,,
2021-04-17 22:20:38.154718,1.0,,,
2021-04-17 22:20:38.155883,1.0,,,
2021-04-17 22:20:38.156376,1.0,,,
2021-04-17 22:20:38.156833,1.0,,,
2021-04-17 22:20:38.157289,1.0,,,
2021-04-17 22:20:38.157737,1.0,,,
2021-04-17 22:20:38.158395,1.0,,,
2021-04-17 22:20:38.158906,1.0,,,
2021-04-17 22:20:38.164508,1.0,,,
2021-04-17 22:20:38.165530,1.0,,,
2021-04-17 22:20:38.165979,1.0,,,
2021-04-17 22:20:38.166423,1.0,,,
2021-04-17 22:20:38.166868,1.0,,,
2021-04-17 22:20:38.167308,1.0,,,
2021-04-17 22:20:38.168392,1.0,,,
2021-04-17 22:20:38.168871,1.0,,,
2021-04-17 22:20:38.061716,1.0,,,
2021-04-17 22:20:38.163979,1.0,,,
2021-04-17 22:20:38.164334,1.0,,,
2021-04-17 22:20:38.164624,1.0,,,
2021-04-17 22:20:38.164922,1.0,,,
2021-04-17 22:20:38.165233,1.0,,,
2021-04-17 22:20:38.165510,1.0,,,
2021-04-17 22:20:38.165800,1.0,,,
2021-04-17 22:20:38.166078,1.0,,,
2021-04-17 22:20:38.167253,1.0,,,
2021-04-17 22:20:38.167584,1.0,,,
2021-04-17 22:20:38.167908,1.0,,,
2021-04-17 22:20:38.168246,1.0,,,
2021-04-17 22:20:38.168576,1.0,,,
2021-04-17 22:20:38.168875,1.0,,,
2021-04-17 22:20:38.169196,1.0,,,
2021-04-17 22:20:38.169569,1.0,,,
2021-04-17 22:20:38.169895,1.0,,,
2021-04-17 22:20:38.170275,1.0,,,
2021-04-17 22:20:38.170594,1.0,,,
2021-04-17 22:20:38.176001,1.0,,,
2021-04-17 22:20:38.178781,1.0,,,
2021-04-17 22:20:38.179251,1.0,,,
2021-04-17 22:20:38.179569,1.0,,,
2021-04-17 22:20:38.179877,1.0,,,
2021-04-17 22:20:38.180233,1.0,,,
2021-04-17 22:20:38.180621,1.0,,,
2021-04-17 22:20:38.180949,1.0,,,
2021-04-17 22:20:38.181254,1.0,,,
2021-04-17 22:20:38.181549,1.0,,,
2021-04-17 22:20:38.181869,1.0,,,
2021-04-17 22:20:38.182164,1.0,,,
2021-04-17 22:20:38.182457,1.0,,,
2021-04-17 22:20:38.182756,1.0,,,
2021-04-17 22:20:38.183121,1.0,,,
2021-04-17 22:20:38.188732,1.0,,,
2021-04-17 22:20:38.190733,1.0,,,
2021-04-17 22:20:38.191230,1.0,,,
2021-04-17 22:20:38.191557,1.0,,,
2021-04-17 22:20:38.191868,1.0,,,
2021-04-17 22:20:38.192203,1.0,,,
2021-04-17 22:20:38.192541,1.0,,,
2021-04-17 22:20:38.192843,1.0,,,
2021-04-17 22:20:38.193247,1.0,,,
2021-04-17 22:20:38.193556,1.0,,,
2021-04-17 22:20:38.193859,1.0,,,
2021-04-17 22:20:38.194269,1.0,,,
2021-04-17 22:20:38.194574,1.0,,,
2021-04-17 22:20:38.194883,1.0,,,
2021-04-17 22:20:38.195190,1.0,,,
2021-04-17 22:20:38.129551,1.0,,,
2021-04-17 22:20:38.231679,1.0,,,
2021-04-17 22:20:38.232040,1.0,,,
2021-04-17 22:20:38.232344,1.0,,,
2021-04-17 22:20:38.232699,1.0,,,
2021-04-17 22:20:38.233019,1.0,,,
2021-04-17 22:20:38.233313,1.0,,,
2021-04-17 22:20:38.233598,1.0,,,
2021-04-17 22:20:38.233874,1.0,,,
2021-04-17 22:20:38.234242,1.0,,,
2021-04-17 22:20:38.234554,1.0,,,
2021-04-17 22:20:38.234857,1.0,,,
2021-04-17 22:20:38.121954,1.0,,,
2021-04-17 22:20:38.223993,1.0,,,
2021-04-17 22:20:38.224351,1.0,,,
2021-04-17 22:20:38.224660,1.0,,,
2021-04-17 22:20:38.224944,1.0,,,
2021-04-17 22:20:38.225254,1.0,,,
2021-04-17 22:20:38.225543,1.0,,,
2021-04-17 22:20:38.225818,1.0,,,
2021-04-17 22:20:38.226087,1.0,,,
2021-04-17 22:20:38.226356,1.0,,,
2021-04-17 22:20:38.227590,1.0,,,
2021-04-17 22:20:38.227922,1.0,,,
2021-04-17 22:20:38.228286,1.0,,,
2021-04-17 22:20:38.228609,1.0,,,
2021-04-17 22:20:38.228934,1.0,,,
2021-04-17 22:20:38.229266,1.0,,,
2021-04-17 22:20:38.229573,1.0,,,
2021-04-17 22:20:38.229878,1.0,,,
2021-04-17 22:20:38.230205,1.0,,,
2021-04-17 22:20:38.230575,1.0,,,
2021-04-17 22:20:38.230893,1.0,,,
2021-04-17 22:20:38.231209,1.0,,,
2021-04-17 22:20:38.231532,1.0,,,
2021-04-17 22:20:38.231844,1.0,,,
2021-04-17 22:20:38.232178,1.0,,,
2021-04-17 22:20:38.232482,1.0,,,
2021-04-17 22:20:38.232784,1.0,,,
2021-04-17 22:20:38.233104,1.0,,,
2021-04-17 22:20:38.233486,1.0,,,
2021-04-17 22:20:38.233808,1.0,,,
2021-04-17 22:20:38.239255,1.0,,,
2021-04-17 22:20:38.240131,1.0,,,
2021-04-17 22:20:38.240878,1.0,,,
2021-04-17 22:20:38.241321,1.0,,,
2021-04-17 22:20:38.241689,1.0,,,
2021-04-17 22:20:38.241985,1.0,,,
2021-04-17 22:20:38.242363,1.0,,,
2021-04-17 22:20:38.242678,1.0,,,
2021-04-17 22:20:38.242985,1.0,,,
2021-04-17 22:20:38.247239,1.0,,,
2021-04-17 22:20:38.248101,1.0,,,
2021-04-17 22:20:38.253694,1.0,,,
2021-04-17 22:20:38.247994,1.0,,,
2021-04-17 22:20:38.248536,1.0,,,
2021-04-17 22:20:38.248806,1.0,,,
2021-04-17 22:20:38.249049,1.0,,,
2021-04-17 22:20:38.249286,1.0,,,
2021-04-17 22:20:38.249522,1.0,,,
2021-04-17 22:20:38.249845,1.0,,,
2021-04-17 22:20:38.250183,1.0,,,
2021-04-17 22:20:38.250743,1.0,,,
2021-04-17 22:20:38.251021,1.0,,,
2021-04-17 22:20:38.256425,1.0,,,
2021-04-17 22:20:38.257133,1.0,,,
2021-04-17 22:20:38.257399,1.0,,,
2021-04-17 22:20:38.257653,1.0,,,
2021-04-17 22:20:38.257908,1.0,,,
2021-04-17 22:20:38.258231,1.0,,,
2021-04-17 22:20:38.258644,1.0,,,
2021-04-17 22:20:38.259022,1.0,,,
2021-04-17 22:20:38.259310,1.0,,,
2021-04-17 22:20:38.259900,1.0,,,
2021-04-17 22:20:38.260234,1.0,,,
2021-04-17 22:20:38.254690,1.0,,,
2021-04-17 22:20:38.255794,1.0,,,
2021-04-17 22:20:38.256213,1.0,,,
2021-04-17 22:20:38.256545,1.0,,,
2021-04-17 22:20:38.256852,1.0,,,
2021-04-17 22:20:38.257158,1.0,,,
2021-04-17 22:20:38.257462,1.0,,,
2021-04-17 22:20:38.257768,1.0,,,
2021-04-17 22:20:38.258295,1.0,,,
2021-04-17 22:20:38.258600,1.0,,,
2021-04-17 22:20:38.259102,1.0,,,
2021-04-17 22:20:38.264544,1.0,,,
2021-04-17 22:20:38.265666,1.0,,,
2021-04-17 22:20:38.271290,1.0,,,
2021-04-17 22:20:38.266225,1.0,,,
2021-04-17 22:20:38.266846,1.0,,,
2021-04-17 22:20:38.273819,1.0,,,
2021-04-17 22:20:38.276076,1.0,,,
2021-04-17 22:20:38.272315,1.0,,,
2021-04-17 22:20:38.273439,1.0,,,
2021-04-17 22:20:38.277233,1.0,,,
2021-04-17 22:20:38.277556,1.0,,,
2021-04-17 22:20:38.277817,1.0,,,
2021-04-17 22:20:38.278090,1.0,,,
2021-04-17 22:20:38.278380,1.0,,,
2021-04-17 22:20:38.180728,1.0,,,
2021-04-17 22:20:38.283057,1.0,,,
2021-04-17 22:20:38.283395,1.0,,,
2021-04-17 22:20:38.283704,1.0,,,
2021-04-17 22:20:38.284025,1.0,,,
2021-04-17 22:20:38.284330,1.0,,,
2021-04-17 22:20:38.284627,1.0,,,
2021-04-17 22:20:38.284919,1.0,,,
2021-04-17 22:20:38.285209,1.0,,,
2021-04-17 22:20:38.286393,1.0,,,
2021-04-17 22:20:38.286773,1.0,,,
2021-04-17 22:20:38.287091,1.0,,,
2021-04-17 22:20:38.186954,1.0,,,
2021-04-17 22:20:38.288866,1.0,,,
2021-04-17 22:20:38.289212,1.0,,,
2021-04-17 22:20:38.289470,1.0,,,
2021-04-17 22:20:38.289720,1.0,,,
2021-04-17 22:20:38.289969,1.0,,,
2021-04-17 22:20:38.290212,1.0,,,
2021-04-17 22:20:38.290453,1.0,,,
2021-04-17 22:20:38.290771,1.0,,,
2021-04-17 22:20:38.296100,1.0,,,
2021-04-17 22:20:38.292542,1.0,,,
2021-04-17 22:20:38.293895,1.0,,,
2021-04-17 22:20:38.294206,1.0,,,
2021-04-17 22:20:38.294507,1.0,,,
2021-04-17 22:20:38.294791,1.0,,,
2021-04-17 22:20:38.295072,1.0,,,
2021-04-17 22:20:38.300645,1.0,,,
2021-04-17 22:20:38.298159,1.0,,,
2021-04-17 22:20:38.298599,1.0,,,
2021-04-17 22:20:38.298860,1.0,,,
2021-04-17 22:20:38.299112,1.0,,,
2021-04-17 22:20:38.299358,1.0,,,
2021-04-17 22:20:38.299601,1.0,,,
2021-04-17 22:20:38.299845,1.0,,,
2021-04-17 22:20:38.300107,1.0,,,
2021-04-17 22:20:38.300443,1.0,,,
2021-04-17 22:20:38.301022,1.0,,,
2021-04-17 22:20:38.301293,1.0,,,
2021-04-17 22:20:38.301563,1.0,,,
2021-04-17 22:20:38.306949,1.0,,,
2021-04-17 22:20:38.311494,1.0,,,
2021-04-17 22:20:38.312041,1.0,,,
2021-04-17 22:20:38.312364,1.0,,,
2021-04-17 22:20:38.312660,1.0,,,
2021-04-17 22:20:38.312907,1.0,,,
2021-04-17 22:20:38.313152,1.0,,,
2021-04-17 22:20:38.313394,1.0,,,
2021-04-17 22:20:38.313636,1.0,,,
2021-04-17 22:20:38.313952,1.0,,,
2021-04-17 22:20:38.302783,1.0,,,
2021-04-17 22:20:38.303987,1.0,,,
2021-04-17 22:20:38.304305,1.0,,,
2021-04-17 22:20:38.304597,1.0,,,
2021-04-17 22:20:38.304891,1.0,,,
2021-04-17 22:20:38.305172,1.0,,,
2021-04-17 22:20:38.305455,1.0,,,
2021-04-17 22:20:38.305728,1.0,,,
2021-04-17 22:20:38.306168,1.0,,,
2021-04-17 22:20:38.306526,1.0,,,
2021-04-17 22:20:38.306999,1.0,,,
2021-04-17 22:20:38.307309,1.0,,,
2021-04-17 22:20:38.307611,1.0,,,
2021-04-17 22:20:38.308027,1.0,,,
2021-04-17 22:20:38.308480,1.0,,,
2021-04-17 22:20:38.308924,1.0,,,
2021-04-17 22:20:38.309321,1.0,,,
2021-04-17 22:20:38.309628,1.0,,,
2021-04-17 22:20:38.309970,1.0,,,
2021-04-17 22:20:38.310271,1.0,,,
2021-04-17 22:20:38.310747,1.0,,,
2021-04-17 22:20:38.311055,1.0,,,
2021-04-17 22:20:38.311419,1.0,,,
2021-04-17 22:20:38.317033,1.0,,,
2021-04-17 22:20:38.320183,1.0,,,
2021-04-17 22:20:38.320761,1.0,,,
2021-04-17 22:20:38.321142,1.0,,,
2021-04-17 22:20:38.321458,1.0,,,
2021-04-17 22:20:38.321770,1.0,,,
2021-04-17 22:20:38.322081,1.0,,,
2021-04-17 22:20:38.319618,1.0,,,
2021-04-17 22:20:38.320131,1.0,,,
2021-04-17 22:20:38.320394,1.0,,,
2021-04-17 22:20:38.320648,1.0,,,
2021-04-17 22:20:38.320897,1.0,,,
2021-04-17 22:20:38.321142,1.0,,,
2021-04-17 22:20:38.321385,1.0,,,
2021-04-17 22:20:38.321870,1.0,,,
2021-04-17 22:20:38.322191,1.0,,,
2021-04-17 22:20:38.322562,1.0,,,
2021-04-17 22:20:38.322885,1.0,,,
2021-04-17 22:20:38.323306,1.0,,,
2021-04-17 22:20:38.323579,1.0,,,
2021-04-17 22:20:38.328987,1.0,,,
2021-04-17 22:20:38.327707,1.0,,,
2021-04-17 22:20:38.335293,1.0,,,
2021-04-17 22:20:38.337804,1.0,,,
2021-04-17 22:20:38.339893,1.0,,,
2021-04-17 22:20:38.340805,1.0,,,
2021-04-17 22:20:38.229943,1.0,,,
2021-04-17 22:20:38.332047,1.0,,,
2021-04-17 22:20:38.332377,1.0,,,
2021-04-17 22:20:38.332671,1.0,,,
2021-04-17 22:20:38.332965,1.0,,,
2021-04-17 22:20:38.333249,1.0,,,
2021-04-17 22:20:38.333528,1.0,,,
2021-04-17 22:20:38.333808,1.0,,,
2021-04-17 22:20:38.334086,1.0,,,
2021-04-17 22:20:38.334360,1.0,,,
2021-04-17 22:20:38.334731,1.0,,,
2021-04-17 22:20:38.335063,1.0,,,
2021-04-17 22:20:38.335376,1.0,,,
2021-04-17 22:20:38.335761,1.0,,,
2021-04-17 22:20:38.336105,1.0,,,
2021-04-17 22:20:38.336418,1.0,,,
2021-04-17 22:20:38.336721,1.0,,,
2021-04-17 22:20:38.337019,1.0,,,
2021-04-17 22:20:38.337382,1.0,,,
2021-04-17 22:20:38.337679,1.0,,,
2021-04-17 22:20:38.337980,1.0,,,
2021-04-17 22:20:38.338276,1.0,,,
2021-04-17 22:20:38.338570,1.0,,,
2021-04-17 22:20:38.338866,1.0,,,
2021-04-17 22:20:38.339161,1.0,,,
2021-04-17 22:20:38.339453,1.0,,,
2021-04-17 22:20:38.339783,1.0,,,
2021-04-17 22:20:38.345345,1.0,,,
2021-04-17 22:20:38.350766,1.0,,,
2021-04-17 22:20:38.351481,1.0,,,
2021-04-17 22:20:38.352016,1.0,,,
2021-04-17 22:20:38.352535,1.0,,,
2021-04-17 22:20:38.352982,1.0,,,
2021-04-17 22:20:38.353413,1.0,,,
2021-04-17 22:20:38.359094,1.0,,,
2021-04-17 22:20:38.248011,1.0,,,
2021-04-17 22:20:38.350084,1.0,,,
2021-04-17 22:20:38.350428,1.0,,,
2021-04-17 22:20:38.350725,1.0,,,
2021-04-17 22:20:38.351023,1.0,,,
2021-04-17 22:20:38.351344,1.0,,,
2021-04-17 22:20:38.351635,1.0,,,
2021-04-17 22:20:38.352052,1.0,,,
2021-04-17 22:20:38.352502,1.0,,,
2021-04-17 22:20:38.352788,1.0,,,
2021-04-17 22:20:38.354188,1.0,,,
2021-04-17 22:20:38.354572,1.0,,,
2021-04-17 22:20:38.355067,1.0,,,
2021-04-17 22:20:38.355396,1.0,,,
2021-04-17 22:20:38.355702,1.0,,,
2021-04-17 22:20:38.361143,1.0,,,
2021-04-17 22:20:38.361145,1.0,,,
2021-04-17 22:20:38.366835,1.0,,,
2021-04-17 22:20:38.362264,1.0,,,
2021-04-17 22:20:38.363679,1.0,,,
2021-04-17 22:20:38.364012,1.0,,,
2021-04-17 22:20:38.370647,1.0,,,
2021-04-17 22:20:38.371194,1.0,,,
2021-04-17 22:20:38.376737,1.0,,,
2021-04-17 22:20:38.369600,1.0,,,
2021-04-17 22:20:38.370387,1.0,,,
2021-04-17 22:20:38.370688,1.0,,,
2021-04-17 22:20:38.370976,1.0,,,
2021-04-17 22:20:38.371258,1.0,,,
2021-04-17 22:20:38.371536,1.0,,,
2021-04-17 22:20:38.371810,1.0,,,
2021-04-17 22:20:38.372129,1.0,,,
2021-04-17 22:20:38.372528,1.0,,,
2021-04-17 22:20:38.372837,1.0,,,
2021-04-17 22:20:38.373250,1.0,,,
2021-04-17 22:20:38.373555,1.0,,,
2021-04-17 22:20:38.373856,1.0,,,
2021-04-17 22:20:38.374162,1.0,,,
2021-04-17 22:20:38.374455,1.0,,,
2021-04-17 22:20:38.374754,1.0,,,
2021-04-17 22:20:38.375113,1.0,,,
2021-04-17 22:20:38.375412,1.0,,,
2021-04-17 22:20:38.375709,1.0,,,
2021-04-17 22:20:38.376080,1.0,,,
2021-04-17 22:20:38.376390,1.0,,,
2021-04-17 22:20:38.376692,1.0,,,
2021-04-17 22:20:38.376987,1.0,,,
2021-04-17 22:20:38.377280,1.0,,,
2021-04-17 22:20:38.377648,1.0,,,
2021-04-17 22:20:38.377944,1.0,,,
2021-04-17 22:20:38.378236,1.0,,,
2021-04-17 22:20:38.378661,1.0,,,
2021-04-17 22:20:38.379059,1.0,,,
2021-04-17 22:20:38.379366,1.0,,,
2021-04-17 22:20:38.379657,1.0,,,
2021-04-17 22:20:38.378499,1.0,,,
2021-04-17 22:20:38.379704,1.0,,,
2021-04-17 22:20:38.380051,1.0,,,
2021-04-17 22:20:38.380446,1.0,,,
2021-04-17 22:20:38.380766,1.0,,,
2021-04-17 22:20:38.381079,1.0,,,
2021-04-17 22:20:38.381406,1.0,,,
2021-04-17 22:20:38.381719,1.0,,,
2021-04-17 22:20:38.382020,1.0,,,
2021-04-17 22:20:38.382330,1.0,,,
2021-04-17 22:20:38.290703,1.0,,,
2021-04-17 22:20:38.393282,1.0,,,
2021-04-17 22:20:38.393547,1.0,,,
2021-04-17 22:20:38.393964,1.0,,,
2021-04-17 22:20:38.394229,1.0,,,
2021-04-17 22:20:38.394479,1.0,,,
2021-04-17 22:20:38.394731,1.0,,,
2021-04-17 22:20:38.394971,1.0,,,
2021-04-17 22:20:38.395209,1.0,,,
2021-04-17 22:20:38.395445,1.0,,,
2021-04-17 22:20:38.395764,1.0,,,
2021-04-17 22:20:38.396061,1.0,,,
2021-04-17 22:20:38.396395,1.0,,,
2021-04-17 22:20:38.396676,1.0,,,
2021-04-17 22:20:38.396967,1.0,,,
2021-04-17 22:20:38.397231,1.0,,,
2021-04-17 22:20:38.397507,1.0,,,
2021-04-17 22:20:38.397771,1.0,,,
2021-04-17 22:20:38.403200,1.0,,,
2021-04-17 22:20:38.289350,1.0,,,
2021-04-17 22:20:38.392253,1.0,,,
2021-04-17 22:20:38.392709,1.0,,,
2021-04-17 22:20:38.393023,1.0,,,
2021-04-17 22:20:38.393315,1.0,,,
2021-04-17 22:20:38.393599,1.0,,,
2021-04-17 22:20:38.393881,1.0,,,
2021-04-17 22:20:38.394168,1.0,,,
2021-04-17 22:20:38.394453,1.0,,,
2021-04-17 22:20:38.394742,1.0,,,
2021-04-17 22:20:38.395108,1.0,,,
2021-04-17 22:20:38.395486,1.0,,,
2021-04-17 22:20:38.395805,1.0,,,
2021-04-17 22:20:38.396141,1.0,,,
2021-04-17 22:20:38.396451,1.0,,,
2021-04-17 22:20:38.401897,1.0,,,
2021-04-17 22:20:38.408831,1.0,,,
2021-04-17 22:20:38.409252,1.0,,,
2021-04-17 22:20:38.409512,1.0,,,
2021-04-17 22:20:38.409763,1.0,,,
2021-04-17 22:20:38.410009,1.0,,,
2021-04-17 22:20:38.410255,1.0,,,
2021-04-17 22:20:38.410498,1.0,,,
2021-04-17 22:20:38.410743,1.0,,,
2021-04-17 22:20:38.411069,1.0,,,
2021-04-17 22:20:38.416553,1.0,,,
2021-04-17 22:20:38.304995,1.0,,,
2021-04-17 22:20:38.407027,1.0,,,
2021-04-17 22:20:38.407372,1.0,,,
2021-04-17 22:20:38.407676,1.0,,,
2021-04-17 22:20:38.407984,1.0,,,
2021-04-17 22:20:38.408307,1.0,,,
2021-04-17 22:20:38.408606,1.0,,,
2021-04-17 22:20:38.408890,1.0,,,
2021-04-17 22:20:38.409160,1.0,,,
2021-04-17 22:20:38.410359,1.0,,,
2021-04-17 22:20:38.410747,1.0,,,
2021-04-17 22:20:38.416192,1.0,,,
2021-04-17 22:20:38.408186,1.0,,,
2021-04-17 22:20:38.410051,1.0,,,
2021-04-17 22:20:38.410464,1.0,,,
2021-04-17 22:20:38.410875,1.0,,,
2021-04-17 22:20:38.416396,1.0,,,
2021-04-17 22:20:38.417307,1.0,,,
2021-04-17 22:20:38.418134,1.0,,,
2021-04-17 22:20:38.418408,1.0,,,
2021-04-17 22:20:38.418666,1.0,,,
2021-04-17 22:20:38.418989,1.0,,,
2021-04-17 22:20:38.419324,1.0,,,
2021-04-17 22:20:38.419732,1.0,,,
2021-04-17 22:20:38.421324,,0.00023555755615234375,0.46314334869384766,1.0
2021-04-17 22:20:38.420089,1.0,,,
2021-04-17 22:20:38.421577,1.0,,,
2021-04-17 22:20:38.421882,1.0,,,
2021-04-17 22:20:38.422177,1.0,,,
2021-04-17 22:20:38.422463,1.0,,,
2021-04-17 22:20:38.422747,1.0,,,
2021-04-17 22:20:38.423120,1.0,,,
2021-04-17 22:20:38.423425,1.0,,,
2021-04-17 22:20:38.428961,1.0,,,
2021-04-17 22:20:38.425224,1.0,,,
2021-04-17 22:20:38.425695,1.0,,,
2021-04-17 22:20:38.426088,1.0,,,
2021-04-17 22:20:38.426458,1.0,,,
2021-04-17 22:20:38.426918,1.0,,,
2021-04-17 22:20:38.427238,1.0,,,
2021-04-17 22:20:38.427552,1.0,,,
2021-04-17 22:20:38.433204,1.0,,,
2021-04-17 22:20:38.417429,1.0,,,
2021-04-17 22:20:38.418567,1.0,,,
2021-04-17 22:20:38.418884,1.0,,,
2021-04-17 22:20:38.419194,1.0,,,
2021-04-17 22:20:38.419491,1.0,,,
2021-04-17 22:20:38.419897,1.0,,,
2021-04-17 22:20:38.420255,1.0,,,
2021-04-17 22:20:38.420572,1.0,,,
2021-04-17 22:20:38.420875,1.0,,,
2021-04-17 22:20:38.421178,1.0,,,
2021-04-17 22:20:38.421496,1.0,,,
2021-04-17 22:20:38.421800,1.0,,,
2021-04-17 22:20:38.422104,1.0,,,
2021-04-17 22:20:38.422475,1.0,,,
2021-04-17 22:20:38.422773,1.0,,,
2021-04-17 22:20:38.423234,1.0,,,
2021-04-17 22:20:38.423555,1.0,,,
2021-04-17 22:20:38.423962,1.0,,,
2021-04-17 22:20:38.424281,1.0,,,
2021-04-17 22:20:38.424785,1.0,,,
2021-04-17 22:20:38.425091,1.0,,,
2021-04-17 22:20:38.425483,1.0,,,
2021-04-17 22:20:38.425785,1.0,,,
2021-04-17 22:20:38.431204,1.0,,,
2021-04-17 22:20:38.434735,1.0,,,
2021-04-17 22:20:38.435817,1.0,,,
2021-04-17 22:20:38.436159,1.0,,,
2021-04-17 22:20:38.436476,1.0,,,
2021-04-17 22:20:38.436795,1.0,,,
2021-04-17 22:20:38.437110,1.0,,,
2021-04-17 22:20:38.435941,1.0,,,
2021-04-17 22:20:38.436539,1.0,,,
2021-04-17 22:20:38.436866,1.0,,,
2021-04-17 22:20:38.437184,1.0,,,
2021-04-17 22:20:38.437505,1.0,,,
2021-04-17 22:20:38.430123,1.0,,,
2021-04-17 22:20:38.431223,1.0,,,
2021-04-17 22:20:38.431529,1.0,,,
2021-04-17 22:20:38.431821,1.0,,,
2021-04-17 22:20:38.432142,1.0,,,
2021-04-17 22:20:38.432527,1.0,,,
2021-04-17 22:20:38.432917,1.0,,,
2021-04-17 22:20:38.433222,1.0,,,
2021-04-17 22:20:38.433520,1.0,,,
2021-04-17 22:20:38.433823,1.0,,,
2021-04-17 22:20:38.434120,1.0,,,
2021-04-17 22:20:38.434419,1.0,,,
2021-04-17 22:20:38.434711,1.0,,,
2021-04-17 22:20:38.435254,1.0,,,
2021-04-17 22:20:38.435851,1.0,,,
2021-04-17 22:20:38.436191,1.0,,,
2021-04-17 22:20:38.436496,1.0,,,
2021-04-17 22:20:38.436798,1.0,,,
2021-04-17 22:20:38.437095,1.0,,,
2021-04-17 22:20:38.437389,1.0,,,
2021-04-17 22:20:38.437856,1.0,,,
2021-04-17 22:20:38.438159,1.0,,,
2021-04-17 22:20:38.438461,1.0,,,
2021-04-17 22:20:38.443938,1.0,,,
2021-04-17 22:20:38.445970,1.0,,,
2021-04-17 22:20:38.446450,1.0,,,
2021-04-17 22:20:38.446768,1.0,,,
2021-04-17 22:20:38.447078,1.0,,,
2021-04-17 22:20:38.447386,1.0,,,
2021-04-17 22:20:38.350888,1.0,,,
2021-04-17 22:20:38.454152,1.0,,,
2021-04-17 22:20:38.454450,1.0,,,
2021-04-17 22:20:38.454700,1.0,,,
2021-04-17 22:20:38.454959,1.0,,,
2021-04-17 22:20:38.455207,1.0,,,
2021-04-17 22:20:38.455463,1.0,,,
2021-04-17 22:20:38.455699,1.0,,,
2021-04-17 22:20:38.455967,1.0,,,
2021-04-17 22:20:38.456216,1.0,,,
2021-04-17 22:20:38.456559,1.0,,,
2021-04-17 22:20:38.456887,1.0,,,
2021-04-17 22:20:38.457184,1.0,,,
2021-04-17 22:20:38.457453,1.0,,,
2021-04-17 22:20:38.457716,1.0,,,
2021-04-17 22:20:38.457982,1.0,,,
2021-04-17 22:20:38.365332,1.0,,,
2021-04-17 22:20:38.469036,1.0,,,
2021-04-17 22:20:38.355298,1.0,,,
2021-04-17 22:20:38.457854,1.0,,,
2021-04-17 22:20:38.458188,1.0,,,
2021-04-17 22:20:38.458489,1.0,,,
2021-04-17 22:20:38.458782,1.0,,,
2021-04-17 22:20:38.459074,1.0,,,
2021-04-17 22:20:38.459372,1.0,,,
2021-04-17 22:20:38.459658,1.0,,,
2021-04-17 22:20:38.459934,1.0,,,
2021-04-17 22:20:38.460342,1.0,,,
2021-04-17 22:20:38.460647,1.0,,,
2021-04-17 22:20:38.460949,1.0,,,
2021-04-17 22:20:38.461247,1.0,,,
2021-04-17 22:20:38.461545,1.0,,,
2021-04-17 22:20:38.461913,1.0,,,
2021-04-17 22:20:38.462228,1.0,,,
2021-04-17 22:20:38.467645,1.0,,,
2021-04-17 22:20:38.472697,1.0,,,
2021-04-17 22:20:38.463380,1.0,,,
2021-04-17 22:20:38.464112,1.0,,,
2021-04-17 22:20:38.464375,1.0,,,
2021-04-17 22:20:38.464704,1.0,,,
2021-04-17 22:20:38.474168,1.0,,,
2021-04-17 22:20:38.476754,1.0,,,
2021-04-17 22:20:38.469884,1.0,,,
2021-04-17 22:20:38.470281,1.0,,,
2021-04-17 22:20:38.470549,1.0,,,
2021-04-17 22:20:38.470809,1.0,,,
2021-04-17 22:20:38.471057,1.0,,,
2021-04-17 22:20:38.471301,1.0,,,
2021-04-17 22:20:38.471542,1.0,,,
2021-04-17 22:20:38.471796,1.0,,,
2021-04-17 22:20:38.472149,1.0,,,
2021-04-17 22:20:38.472438,1.0,,,
2021-04-17 22:20:38.472705,1.0,,,
2021-04-17 22:20:38.472977,1.0,,,
2021-04-17 22:20:38.473269,1.0,,,
2021-04-17 22:20:38.473551,1.0,,,
2021-04-17 22:20:38.473937,1.0,,,
2021-04-17 22:20:38.474311,1.0,,,
2021-04-17 22:20:38.474578,1.0,,,
2021-04-17 22:20:38.474908,1.0,,,
2021-04-17 22:20:38.480282,1.0,,,
2021-04-17 22:20:38.470622,1.0,,,
2021-04-17 22:20:38.471113,1.0,,,
2021-04-17 22:20:38.471473,1.0,,,
2021-04-17 22:20:38.471822,1.0,,,
2021-04-17 22:20:38.472208,1.0,,,
2021-04-17 22:20:38.486622,1.0,,,
2021-04-17 22:20:38.487156,1.0,,,
2021-04-17 22:20:38.487648,1.0,,,
2021-04-17 22:20:38.487917,1.0,,,
2021-04-17 22:20:38.488198,1.0,,,
2021-04-17 22:20:38.488450,1.0,,,
2021-04-17 22:20:38.488819,1.0,,,
2021-04-17 22:20:38.489205,1.0,,,
2021-04-17 22:20:38.489586,1.0,,,
2021-04-17 22:20:38.489857,1.0,,,
2021-04-17 22:20:38.495223,1.0,,,
2021-04-17 22:20:38.478493,1.0,,,
2021-04-17 22:20:38.479045,1.0,,,
2021-04-17 22:20:38.479541,1.0,,,
2021-04-17 22:20:38.480030,1.0,,,
2021-04-17 22:20:38.480470,1.0,,,
2021-04-17 22:20:38.480913,1.0,,,
2021-04-17 22:20:38.481354,1.0,,,
2021-04-17 22:20:38.481748,1.0,,,
2021-04-17 22:20:38.482326,1.0,,,
2021-04-17 22:20:38.482831,1.0,,,
2021-04-17 22:20:38.483316,1.0,,,
2021-04-17 22:20:38.483808,1.0,,,
2021-04-17 22:20:38.484312,1.0,,,
2021-04-17 22:20:38.484627,1.0,,,
2021-04-17 22:20:38.485074,1.0,,,
2021-04-17 22:20:38.485930,1.0,,,
2021-04-17 22:20:38.491699,1.0,,,
2021-04-17 22:20:38.477692,1.0,,,
2021-04-17 22:20:38.478509,1.0,,,
2021-04-17 22:20:38.478912,1.0,,,
2021-04-17 22:20:38.479243,1.0,,,
2021-04-17 22:20:38.479754,1.0,,,
2021-04-17 22:20:38.480113,1.0,,,
2021-04-17 22:20:38.480433,1.0,,,
2021-04-17 22:20:38.480748,1.0,,,
2021-04-17 22:20:38.481058,1.0,,,
2021-04-17 22:20:38.481400,1.0,,,
2021-04-17 22:20:38.481712,1.0,,,
2021-04-17 22:20:38.482022,1.0,,,
2021-04-17 22:20:38.482464,1.0,,,
2021-04-17 22:20:38.482778,1.0,,,
2021-04-17 22:20:38.483080,1.0,,,
2021-04-17 22:20:38.483402,1.0,,,
2021-04-17 22:20:38.483827,1.0,,,
2021-04-17 22:20:38.484171,1.0,,,
2021-04-17 22:20:38.484477,1.0,,,
2021-04-17 22:20:38.484778,1.0,,,
2021-04-17 22:20:38.485096,1.0,,,
2021-04-17 22:20:38.485462,1.0,,,
2021-04-17 22:20:38.485781,1.0,,,
2021-04-17 22:20:38.486102,1.0,,,
2021-04-17 22:20:38.486505,1.0,,,
2021-04-17 22:20:38.486809,1.0,,,
2021-04-17 22:20:38.487138,1.0,,,
2021-04-17 22:20:38.487461,1.0,,,
2021-04-17 22:20:38.498987,1.0,,,
2021-04-17 22:20:38.414318,1.0,,,
2021-04-17 22:20:38.519686,1.0,,,
2021-04-17 22:20:38.511181,1.0,,,
2021-04-17 22:20:38.512747,1.0,,,
2021-04-17 22:20:38.513055,1.0,,,
2021-04-17 22:20:38.513344,1.0,,,
2021-04-17 22:20:38.513630,1.0,,,
2021-04-17 22:20:38.513909,1.0,,,
2021-04-17 22:20:38.514283,1.0,,,
2021-04-17 22:20:38.514592,1.0,,,
2021-04-17 22:20:38.520503,1.0,,,
2021-04-17 22:20:38.523963,1.0,,,
2021-04-17 22:20:38.524019,1.0,,,
2021-04-17 22:20:38.525502,1.0,,,
2021-04-17 22:20:38.413604,1.0,,,
2021-04-17 22:20:38.516264,1.0,,,
2021-04-17 22:20:38.516596,1.0,,,
2021-04-17 22:20:38.516894,1.0,,,
2021-04-17 22:20:38.517183,1.0,,,
2021-04-17 22:20:38.517468,1.0,,,
2021-04-17 22:20:38.517746,1.0,,,
2021-04-17 22:20:38.518031,1.0,,,
2021-04-17 22:20:38.518305,1.0,,,
2021-04-17 22:20:38.518672,1.0,,,
2021-04-17 22:20:38.518980,1.0,,,
2021-04-17 22:20:38.519286,1.0,,,
2021-04-17 22:20:38.519587,1.0,,,
2021-04-17 22:20:38.519887,1.0,,,
2021-04-17 22:20:38.525305,1.0,,,
2021-04-17 22:20:38.526872,1.0,,,
2021-04-17 22:20:38.528280,1.0,,,
2021-04-17 22:20:38.528950,1.0,,,
2021-04-17 22:20:38.529444,1.0,,,
2021-04-17 22:20:38.529927,1.0,,,
2021-04-17 22:20:38.530414,1.0,,,
2021-04-17 22:20:38.530896,1.0,,,
2021-04-17 22:20:38.531352,1.0,,,
2021-04-17 22:20:38.531786,1.0,,,
2021-04-17 22:20:38.532235,1.0,,,
2021-04-17 22:20:38.538025,1.0,,,
2021-04-17 22:20:38.427029,1.0,,,
2021-04-17 22:20:38.529087,1.0,,,
2021-04-17 22:20:38.529419,1.0,,,
2021-04-17 22:20:38.529724,1.0,,,
2021-04-17 22:20:38.530022,1.0,,,
2021-04-17 22:20:38.530309,1.0,,,
2021-04-17 22:20:38.530598,1.0,,,
2021-04-17 22:20:38.530876,1.0,,,
2021-04-17 22:20:38.531230,1.0,,,
2021-04-17 22:20:38.532816,1.0,,,
2021-04-17 22:20:38.533279,1.0,,,
2021-04-17 22:20:38.533721,1.0,,,
2021-04-17 22:20:38.528400,1.0,,,
2021-04-17 22:20:38.529122,1.0,,,
2021-04-17 22:20:38.529588,1.0,,,
2021-04-17 22:20:38.530038,1.0,,,
2021-04-17 22:20:38.530480,1.0,,,
2021-04-17 22:20:38.530908,1.0,,,
2021-04-17 22:20:38.531320,1.0,,,
2021-04-17 22:20:38.531755,1.0,,,
2021-04-17 22:20:38.532202,1.0,,,
2021-04-17 22:20:38.532760,1.0,,,
2021-04-17 22:20:38.533090,1.0,,,
2021-04-17 22:20:38.533386,1.0,,,
2021-04-17 22:20:38.533678,1.0,,,
2021-04-17 22:20:38.533971,1.0,,,
2021-04-17 22:20:38.534266,1.0,,,
2021-04-17 22:20:38.534748,1.0,,,
2021-04-17 22:20:38.535045,1.0,,,
2021-04-17 22:20:38.531115,1.0,,,
2021-04-17 22:20:38.532356,1.0,,,
2021-04-17 22:20:38.532820,1.0,,,
2021-04-17 22:20:38.533249,1.0,,,
2021-04-17 22:20:38.533687,1.0,,,
2021-04-17 22:20:38.534121,1.0,,,
2021-04-17 22:20:38.534426,1.0,,,
2021-04-17 22:20:38.534703,1.0,,,
2021-04-17 22:20:38.535070,1.0,,,
2021-04-17 22:20:38.535395,1.0,,,
2021-04-17 22:20:38.535697,1.0,,,
2021-04-17 22:20:38.536025,1.0,,,
2021-04-17 22:20:38.536325,1.0,,,
2021-04-17 22:20:38.536623,1.0,,,
2021-04-17 22:20:38.542006,1.0,,,
2021-04-17 22:20:38.539626,1.0,,,
2021-04-17 22:20:38.540157,1.0,,,
2021-04-17 22:20:38.540601,1.0,,,
2021-04-17 22:20:38.540959,1.0,,,
2021-04-17 22:20:38.541278,1.0,,,
2021-04-17 22:20:38.541592,1.0,,,
2021-04-17 22:20:38.547016,1.0,,,
2021-04-17 22:20:38.548604,1.0,,,
2021-04-17 22:20:38.550052,1.0,,,
2021-04-17 22:20:38.550462,1.0,,,
2021-04-17 22:20:38.550829,1.0,,,
2021-04-17 22:20:38.551149,1.0,,,
2021-04-17 22:20:38.551460,1.0,,,
2021-04-17 22:20:38.551773,1.0,,,
2021-04-17 22:20:38.552214,1.0,,,
2021-04-17 22:20:38.552851,1.0,,,
2021-04-17 22:20:38.553185,1.0,,,
2021-04-17 22:20:38.553724,1.0,,,
2021-04-17 22:20:38.554206,1.0,,,
2021-04-17 22:20:38.539267,1.0,,,
2021-04-17 22:20:38.540950,1.0,,,
2021-04-17 22:20:38.541410,1.0,,,
2021-04-17 22:20:38.541864,1.0,,,
2021-04-17 22:20:38.542318,1.0,,,
2021-04-17 22:20:38.542757,1.0,,,
2021-04-17 22:20:38.543329,1.0,,,
2021-04-17 22:20:38.543820,1.0,,,
2021-04-17 22:20:38.544370,1.0,,,
2021-04-17 22:20:38.544878,1.0,,,
2021-04-17 22:20:38.545390,1.0,,,
2021-04-17 22:20:38.545893,1.0,,,
2021-04-17 22:20:38.546379,1.0,,,
2021-04-17 22:20:38.546848,1.0,,,
2021-04-17 22:20:38.547385,1.0,,,
2021-04-17 22:20:38.547836,1.0,,,
2021-04-17 22:20:38.548340,1.0,,,
2021-04-17 22:20:38.548814,1.0,,,
2021-04-17 22:20:38.549295,1.0,,,
2021-04-17 22:20:38.549697,1.0,,,
2021-04-17 22:20:38.550061,1.0,,,
2021-04-17 22:20:38.550560,1.0,,,
2021-04-17 22:20:38.550959,1.0,,,
2021-04-17 22:20:38.551323,1.0,,,
2021-04-17 22:20:38.551625,1.0,,,
2021-04-17 22:20:38.551922,1.0,,,
2021-04-17 22:20:38.552249,1.0,,,
2021-04-17 22:20:38.552582,1.0,,,
2021-04-17 22:20:38.552911,1.0,,,
2021-04-17 22:20:38.553402,1.0,,,
2021-04-17 22:20:38.553872,1.0,,,
2021-04-17 22:20:38.554327,1.0,,,
2021-04-17 22:20:38.559872,1.0,,,
2021-04-17 22:20:38.562629,,0.018442630767822266,0.10332107543945312,500.0
2021-04-17 22:20:38.548062,1.0,,,
2021-04-17 22:20:38.549021,1.0,,,
2021-04-17 22:20:38.549452,1.0,,,
2021-04-17 22:20:38.549781,1.0,,,
2021-04-17 22:20:38.550104,1.0,,,
2021-04-17 22:20:38.550414,1.0,,,
2021-04-17 22:20:38.550742,1.0,,,
2021-04-17 22:20:38.551149,1.0,,,
2021-04-17 22:20:38.551499,1.0,,,
2021-04-17 22:20:38.551810,1.0,,,
2021-04-17 22:20:38.552243,1.0,,,
2021-04-17 22:20:38.552631,1.0,,,
2021-04-17 22:20:38.552939,1.0,,,
2021-04-17 22:20:38.553244,1.0,,,
2021-04-17 22:20:38.553542,1.0,,,
2021-04-17 22:20:38.553845,1.0,,,
2021-04-17 22:20:38.554186,1.0,,,
2021-04-17 22:20:38.561858,1.0,,,
2021-04-17 22:20:38.562421,1.0,,,
2021-04-17 22:20:38.562754,1.0,,,
2021-04-17 22:20:38.563193,1.0,,,
2021-04-17 22:20:38.563526,1.0,,,
2021-04-17 22:20:38.452590,1.0,,,
2021-04-17 22:20:38.555645,1.0,,,
2021-04-17 22:20:38.555984,1.0,,,
2021-04-17 22:20:38.556279,1.0,,,
2021-04-17 22:20:38.556788,1.0,,,
2021-04-17 22:20:38.557079,1.0,,,
2021-04-17 22:20:38.557363,1.0,,,
2021-04-17 22:20:38.557648,1.0,,,
2021-04-17 22:20:38.557929,1.0,,,
2021-04-17 22:20:38.558206,1.0,,,
2021-04-17 22:20:38.558565,1.0,,,
2021-04-17 22:20:38.558867,1.0,,,
2021-04-17 22:20:38.559164,1.0,,,
2021-04-17 22:20:38.559462,1.0,,,
2021-04-17 22:20:38.559766,1.0,,,
2021-04-17 22:20:38.560154,1.0,,,
2021-04-17 22:20:38.560480,1.0,,,
2021-04-17 22:20:38.560780,1.0,,,
2021-04-17 22:20:38.561135,1.0,,,
2021-04-17 22:20:38.561435,1.0,,,
2021-04-17 22:20:38.561730,1.0,,,
2021-04-17 22:20:38.562025,1.0,,,
2021-04-17 22:20:38.562323,1.0,,,
2021-04-17 22:20:38.562618,1.0,,,
2021-04-17 22:20:38.568101,1.0,,,
2021-04-17 22:20:38.559798,1.0,,,
2021-04-17 22:20:38.561384,1.0,,,
2021-04-17 22:20:38.561747,1.0,,,
2021-04-17 22:20:38.562091,1.0,,,
2021-04-17 22:20:38.562434,1.0,,,
2021-04-17 22:20:38.568856,1.0,,,
2021-04-17 22:20:38.465005,1.0,,,
2021-04-17 22:20:38.567715,1.0,,,
2021-04-17 22:20:38.568068,1.0,,,
2021-04-17 22:20:38.568369,1.0,,,
2021-04-17 22:20:38.568663,1.0,,,
2021-04-17 22:20:38.569039,1.0,,,
2021-04-17 22:20:38.569434,1.0,,,
2021-04-17 22:20:38.569720,1.0,,,
2021-04-17 22:20:38.570006,1.0,,,
2021-04-17 22:20:38.575542,1.0,,,
2021-04-17 22:20:38.575104,1.0,,,
2021-04-17 22:20:38.570292,1.0,,,
2021-04-17 22:20:38.484920,1.0,,,
2021-04-17 22:20:38.589214,1.0,,,
2021-04-17 22:20:38.576157,1.0,,,
2021-04-17 22:20:38.576697,1.0,,,
2021-04-17 22:20:38.577024,1.0,,,
2021-04-17 22:20:38.577877,1.0,,,
2021-04-17 22:20:38.578339,1.0,,,
2021-04-17 22:20:38.578672,1.0,,,
2021-04-17 22:20:38.578987,1.0,,,
2021-04-17 22:20:38.579297,1.0,,,
2021-04-17 22:20:38.579623,1.0,,,
2021-04-17 22:20:38.579964,1.0,,,
2021-04-17 22:20:38.580337,1.0,,,
2021-04-17 22:20:38.580644,1.0,,,
2021-04-17 22:20:38.580948,1.0,,,
2021-04-17 22:20:38.581250,1.0,,,
2021-04-17 22:20:38.581552,1.0,,,
2021-04-17 22:20:38.581851,1.0,,,
2021-04-17 22:20:38.582150,1.0,,,
2021-04-17 22:20:38.582448,1.0,,,
2021-04-17 22:20:38.582747,1.0,,,
2021-04-17 22:20:38.583107,1.0,,,
2021-04-17 22:20:38.583429,1.0,,,
2021-04-17 22:20:38.583734,1.0,,,
2021-04-17 22:20:38.584059,1.0,,,
2021-04-17 22:20:38.584379,1.0,,,
2021-04-17 22:20:38.582525,1.0,,,
2021-04-17 22:20:38.583767,1.0,,,
2021-04-17 22:20:38.584246,1.0,,,
2021-04-17 22:20:38.584708,1.0,,,
2021-04-17 22:20:38.585184,1.0,,,
2021-04-17 22:20:38.585543,1.0,,,
2021-04-17 22:20:38.585821,1.0,,,
2021-04-17 22:20:38.586209,1.0,,,
2021-04-17 22:20:38.586652,1.0,,,
2021-04-17 22:20:38.586968,1.0,,,
2021-04-17 22:20:38.587269,1.0,,,
2021-04-17 22:20:38.593266,1.0,,,
2021-04-17 22:20:38.576354,1.0,,,
2021-04-17 22:20:38.577721,1.0,,,
2021-04-17 22:20:38.578037,1.0,,,
2021-04-17 22:20:38.578338,1.0,,,
2021-04-17 22:20:38.578633,1.0,,,
2021-04-17 22:20:38.578920,1.0,,,
2021-04-17 22:20:38.579202,1.0,,,
2021-04-17 22:20:38.579584,1.0,,,
2021-04-17 22:20:38.579898,1.0,,,
2021-04-17 22:20:38.580239,1.0,,,
2021-04-17 22:20:38.580581,1.0,,,
2021-04-17 22:20:38.580999,1.0,,,
2021-04-17 22:20:38.581305,1.0,,,
2021-04-17 22:20:38.581609,1.0,,,
2021-04-17 22:20:38.581912,1.0,,,
2021-04-17 22:20:38.582288,1.0,,,
2021-04-17 22:20:38.582722,1.0,,,
2021-04-17 22:20:38.583164,1.0,,,
2021-04-17 22:20:38.583473,1.0,,,
2021-04-17 22:20:38.583866,1.0,,,
2021-04-17 22:20:38.584352,1.0,,,
2021-04-17 22:20:38.584832,1.0,,,
2021-04-17 22:20:38.590660,1.0,,,
2021-04-17 22:20:38.591742,1.0,,,
2021-04-17 22:20:38.592171,1.0,,,
2021-04-17 22:20:38.592465,1.0,,,
2021-04-17 22:20:38.592760,1.0,,,
2021-04-17 22:20:38.593052,1.0,,,
2021-04-17 22:20:38.593330,1.0,,,
2021-04-17 22:20:38.593623,1.0,,,
2021-04-17 22:20:38.593914,1.0,,,
2021-04-17 22:20:38.594275,1.0,,,
2021-04-17 22:20:38.595103,1.0,,,
2021-04-17 22:20:38.595407,1.0,,,
2021-04-17 22:20:38.595748,1.0,,,
2021-04-17 22:20:38.596145,1.0,,,
2021-04-17 22:20:38.601567,1.0,,,
2021-04-17 22:20:38.594891,1.0,,,
2021-04-17 22:20:38.595429,1.0,,,
2021-04-17 22:20:38.595781,1.0,,,
2021-04-17 22:20:38.596156,1.0,,,
2021-04-17 22:20:38.596503,1.0,,,
2021-04-17 22:20:38.597199,1.0,,,
2021-04-17 22:20:38.597641,1.0,,,
2021-04-17 22:20:38.598077,1.0,,,
2021-04-17 22:20:38.598529,1.0,,,
2021-04-17 22:20:38.599077,1.0,,,
2021-04-17 22:20:38.599507,1.0,,,
2021-04-17 22:20:38.599931,1.0,,,
2021-04-17 22:20:38.600434,1.0,,,
2021-04-17 22:20:38.600864,1.0,,,
2021-04-17 22:20:38.601288,1.0,,,
2021-04-17 22:20:38.601683,1.0,,,
2021-04-17 22:20:38.602017,1.0,,,
2021-04-17 22:20:38.478616,1.0,,,
2021-04-17 22:20:38.581052,1.0,,,
2021-04-17 22:20:38.581381,1.0,,,
2021-04-17 22:20:38.581675,1.0,,,
2021-04-17 22:20:38.581965,1.0,,,
2021-04-17 22:20:38.582250,1.0,,,
2021-04-17 22:20:38.582530,1.0,,,
2021-04-17 22:20:38.582814,1.0,,,
2021-04-17 22:20:38.583090,1.0,,,
2021-04-17 22:20:38.583368,1.0,,,
2021-04-17 22:20:38.583738,1.0,,,
2021-04-17 22:20:38.584065,1.0,,,
2021-04-17 22:20:38.584364,1.0,,,
2021-04-17 22:20:38.584660,1.0,,,
2021-04-17 22:20:38.584962,1.0,,,
2021-04-17 22:20:38.585260,1.0,,,
2021-04-17 22:20:38.585554,1.0,,,
2021-04-17 22:20:38.585848,1.0,,,
2021-04-17 22:20:38.586144,1.0,,,
2021-04-17 22:20:38.586514,1.0,,,
2021-04-17 22:20:38.586954,1.0,,,
2021-04-17 22:20:38.587265,1.0,,,
2021-04-17 22:20:38.587562,1.0,,,
2021-04-17 22:20:38.587856,1.0,,,
2021-04-17 22:20:38.588178,1.0,,,
2021-04-17 22:20:38.588473,1.0,,,
2021-04-17 22:20:38.588765,1.0,,,
2021-04-17 22:20:38.589061,1.0,,,
2021-04-17 22:20:38.589436,1.0,,,
2021-04-17 22:20:38.589736,1.0,,,
2021-04-17 22:20:38.590033,1.0,,,
2021-04-17 22:20:38.590326,1.0,,,
2021-04-17 22:20:38.590620,1.0,,,
2021-04-17 22:20:38.590914,1.0,,,
2021-04-17 22:20:38.591207,1.0,,,
2021-04-17 22:20:38.591496,1.0,,,
2021-04-17 22:20:38.591790,1.0,,,
2021-04-17 22:20:38.592194,1.0,,,
2021-04-17 22:20:38.592492,1.0,,,
2021-04-17 22:20:38.592783,1.0,,,
2021-04-17 22:20:38.593076,1.0,,,
2021-04-17 22:20:38.593371,1.0,,,
2021-04-17 22:20:38.593664,1.0,,,
2021-04-17 22:20:38.594077,1.0,,,
2021-04-17 22:20:38.594488,1.0,,,
2021-04-17 22:20:38.595131,1.0,,,
2021-04-17 22:20:38.595553,1.0,,,
2021-04-17 22:20:38.595988,1.0,,,
2021-04-17 22:20:38.596407,1.0,,,
2021-04-17 22:20:38.596819,1.0,,,
2021-04-17 22:20:38.605266,1.0,,,
2021-04-17 22:20:38.606298,1.0,,,
2021-04-17 22:20:38.606603,1.0,,,
2021-04-17 22:20:38.612184,1.0,,,
2021-04-17 22:20:38.613348,1.0,,,
2021-04-17 22:20:38.613652,1.0,,,
2021-04-17 22:20:38.613943,1.0,,,
2021-04-17 22:20:38.614227,1.0,,,
2021-04-17 22:20:38.614511,1.0,,,
2021-04-17 22:20:38.614874,1.0,,,
2021-04-17 22:20:38.615326,1.0,,,
2021-04-17 22:20:38.621013,1.0,,,
2021-04-17 22:20:38.621802,1.0,,,
2021-04-17 22:20:38.622725,1.0,,,
2021-04-17 22:20:38.623034,1.0,,,
2021-04-17 22:20:38.623322,1.0,,,
2021-04-17 22:20:38.623606,1.0,,,
2021-04-17 22:20:38.623886,1.0,,,
2021-04-17 22:20:38.624199,1.0,,,
2021-04-17 22:20:38.630126,1.0,,,
2021-04-17 22:20:38.510047,1.0,,,
2021-04-17 22:20:38.612863,1.0,,,
2021-04-17 22:20:38.613196,1.0,,,
2021-04-17 22:20:38.613498,1.0,,,
2021-04-17 22:20:38.613790,1.0,,,
2021-04-17 22:20:38.614078,1.0,,,
2021-04-17 22:20:38.614361,1.0,,,
2021-04-17 22:20:38.614870,1.0,,,
2021-04-17 22:20:38.615157,1.0,,,
2021-04-17 22:20:38.615440,1.0,,,
2021-04-17 22:20:38.615804,1.0,,,
2021-04-17 22:20:38.616228,1.0,,,
2021-04-17 22:20:38.616553,1.0,,,
2021-04-17 22:20:38.621957,1.0,,,
2021-04-17 22:20:38.633115,1.0,,,
2021-04-17 22:20:38.635303,1.0,,,
2021-04-17 22:20:38.637165,1.0,,,
2021-04-17 22:20:38.622947,1.0,,,
2021-04-17 22:20:38.624187,1.0,,,
2021-04-17 22:20:38.624502,1.0,,,
2021-04-17 22:20:38.624796,1.0,,,
2021-04-17 22:20:38.625082,1.0,,,
2021-04-17 22:20:38.625453,1.0,,,
2021-04-17 22:20:38.625762,1.0,,,
2021-04-17 22:20:38.626068,1.0,,,
2021-04-17 22:20:38.626370,1.0,,,
2021-04-17 22:20:38.626674,1.0,,,
2021-04-17 22:20:38.626974,1.0,,,
2021-04-17 22:20:38.627278,1.0,,,
2021-04-17 22:20:38.627575,1.0,,,
2021-04-17 22:20:38.627896,1.0,,,
2021-04-17 22:20:38.628290,1.0,,,
2021-04-17 22:20:38.628596,1.0,,,
2021-04-17 22:20:38.628896,1.0,,,
2021-04-17 22:20:38.629194,1.0,,,
2021-04-17 22:20:38.629495,1.0,,,
2021-04-17 22:20:38.629791,1.0,,,
2021-04-17 22:20:38.630086,1.0,,,
2021-04-17 22:20:38.630385,1.0,,,
2021-04-17 22:20:38.630743,1.0,,,
2021-04-17 22:20:38.631060,1.0,,,
2021-04-17 22:20:38.631360,1.0,,,
2021-04-17 22:20:38.631654,1.0,,,
2021-04-17 22:20:38.631967,1.0,,,
2021-04-17 22:20:38.632275,1.0,,,
2021-04-17 22:20:38.632572,1.0,,,
2021-04-17 22:20:38.632871,1.0,,,
2021-04-17 22:20:38.633231,1.0,,,
2021-04-17 22:20:38.633528,1.0,,,
2021-04-17 22:20:38.633823,1.0,,,
2021-04-17 22:20:38.634115,1.0,,,
2021-04-17 22:20:38.634407,1.0,,,
2021-04-17 22:20:38.634699,1.0,,,
2021-04-17 22:20:38.639396,1.0,,,
2021-04-17 22:20:38.639763,1.0,,,
2021-04-17 22:20:38.640080,1.0,,,
2021-04-17 22:20:38.640365,1.0,,,
2021-04-17 22:20:38.640648,1.0,,,
2021-04-17 22:20:38.640932,1.0,,,
2021-04-17 22:20:38.641210,1.0,,,
2021-04-17 22:20:38.641486,1.0,,,
2021-04-17 22:20:38.641758,1.0,,,
2021-04-17 22:20:38.642119,1.0,,,
2021-04-17 22:20:38.642420,1.0,,,
2021-04-17 22:20:38.545085,1.0,,,
2021-04-17 22:20:38.648039,1.0,,,
2021-04-17 22:20:38.648376,1.0,,,
2021-04-17 22:20:38.648671,1.0,,,
2021-04-17 22:20:38.648959,1.0,,,
2021-04-17 22:20:38.649312,1.0,,,
2021-04-17 22:20:38.649628,1.0,,,
2021-04-17 22:20:38.649914,1.0,,,
2021-04-17 22:20:38.650195,1.0,,,
2021-04-17 22:20:38.650567,1.0,,,
2021-04-17 22:20:38.650874,1.0,,,
2021-04-17 22:20:38.651181,1.0,,,
2021-04-17 22:20:38.651484,1.0,,,
2021-04-17 22:20:38.651783,1.0,,,
2021-04-17 22:20:38.657236,1.0,,,
2021-04-17 22:20:38.659002,1.0,,,
2021-04-17 22:20:38.659308,1.0,,,
2021-04-17 22:20:38.659857,1.0,,,
2021-04-17 22:20:38.660236,1.0,,,
2021-04-17 22:20:38.660573,1.0,,,
